0.000000000000000000
0.079627209081267275
0.035374809402310324
0.035499020254510072
0.037872622048020194
0.046903403486804142
0.054303977069220723
0.022437352711433427
0.025611477532781490
0.006553538133673435
0.027717006733283561
0.020227459113150568
0.020226720888314509
0.022407055051953739
0.018067476839587107
0.011793482188468967
0.016501022113233864
0.006541580078731886
0.028052390347296282
0.031663441292001472
0.037733559739421878
0.031405610966636792
0.028511317286389275
0.020281344150214483
0.018245296943743404
0.015630635244130386
0.018145565079827564
0.014533467316560512
0.025629398967842963
0.020843442310435587
0.017916494574276725
0.019625283624814107
0.016881670780820819
0.017333611049797824
0.030319325943438512
0.017377148530932130
0.011119966089924565
0.025716661878219083
0.016778742754331142
0.009876843712205196
0.008438410012479119
0.004432846040895996
0.000290791754360891
0.000290791754360891
0.000290791754361002
0.000290791754360891
0.000290791754360780
0.000290791854812726
0.000290791754360891
0.001998759317322161
0.005825970165225278
0.012681860849774023
0.022023575674344462
0.017292196124194172
0.041087280029761600
0.034723733158100997
0.040800448191083694
0.037723030035672962
0.022670695021982618
0.013508170616893061
0.028164651434274327
0.014739702484155801
0.030078276918727321
0.013573975364963780
0.017831738052405940
0.012450783381892306
0.013938266176620152
0.011904960515090516
0.020426733524019299
0.023158436021511047
0.025122688753109666
0.027123636745400647
0.014018844805484708
0.021351557194578624
0.022832658969436915
0.019854234978329527
0.015213742267931497
0.009996027935403166
0.020852639443840821
0.033913268715908322
0.034801446811185119
0.041669831165198998
0.074602705732261548
0.073505690691618705
0.048938257586740121
0.000000000000000000
0.500000000000000000
0.016665089205579617
0.088222518082013895
0.087660745843034585
0.032886793394944942
0.041008665118563763
0.031035946126279846
0.018227328225218737
0.029721631144336291
0.017853646326287990
0.011813636149221552
0.019524561806389770
0.018426790607278871
0.016666519505462805
0.017060228782430027
0.020994019479652844
0.022009617488456850
0.016277036382173447
0.016784041557711422
0.016363334342587590
0.018411648294071468
0.026603066937679193
0.008163114602790114
0.039213275315746247
0.018726376989990190
0.008327079751686808
0.020925444636463973
0.012724197671682187
0.017122491996286411
0.008834200563254114
0.005983016467567034
0.001765079220248363
0.000265339974316941
0.000843244770877493
0.004657391587461336
0.018475560080791289
0.020289635957541529
0.022571967521975961
0.007162297202569559
0.013864057863836928
0.018091601386185981
0.018116273396159090
0.020775721016600503
0.025015618065696656
0.015081582605509781
0.023997038965714361
0.022694216064611552
0.026924071417214864
0.025085211068604948
0.015908288778952420
0.020449396564214860
0.015133726028495945
0.023547025110522764
0.010723409179517127
0.015097089541307269
0.014146823198297385
0.020943129734700340
0.017562641304597896
0.016262927339827000
0.029344542568216284
0.019728881693633418
0.012285326817111487
0.012461147255141299
0.012846616402146556
0.008134029766602182
0.004177202811783799
0.012377843285474590
0.010434179897098795
0.016319723251067775
0.015738818681731048
0.009043032776791094
0.019990859708588445
0.012181028322712509
0.011798309500222891
0.012895614999685719
0.028254560934066864
0.021854617216017225
0.032952896491142213
0.026155961942908857
0.041058503745339640
0.018978567692974676
0.070896415800218313
0.061843295952860589
0.046758314180687266
0.500000000000000000
0.028124774042694530
0.118334392850961451
0.055242102636765482
0.035257299227862783
0.026768361608619656
0.016408385905804353
0.015973991924979461
0.017385218766880702
0.016820401946384872
0.014496718192513618
0.021959351043466913
0.018524057868810874
0.016851915468274893
0.016399375111174543
0.014109601784455063
0.014497576025564642
0.006410108781190457
0.005014464722663898
0.037474778961915346
0.023179792463876230
0.042391249229605722
0.042462222120448839
0.035666402418980746
0.027783311863405383
0.028176307319897346
0.016639233506937606
0.014235461737361144
0.005941135508875151
0.002818695000933763
0.003891981391992207
0.001869391956185418
0.000000043757630297
0.000571265327104060
0.001804952159582274
0.003539538441465974
0.008719298409674739
0.008942016482894631
0.011453261629405001
0.013559518982125167
0.019106711551080596
0.039420317157918001
0.013320317410318859
0.024169328671570046
0.021659017357169914
0.008832726984356875
0.022857051980262846
0.035586457975575476
0.009065996263995629
0.017244613930342233
0.020147381763503034
0.013805116173139240
0.020073755711536238
0.021272355044550651
0.015812931134563987
0.014168755599398002
0.011220525875375942
0.005880088901912002
0.008623964663174350
0.022896814527081821
0.033901266120886876
0.015156485127913578
0.022278209626837252
0.026788390632565065
0.023815338999894950
0.040590050126195439
0.069454657964171357
0.069054543629644805
0.051439202457799593
0.500000000000000000
0.004002214521572775
0.086495160882248331
0.079735234411165160
0.025412973104831094
0.033680210375102181
0.034578186683100073
0.033976806462668645
0.042874966650675861
0.035722343472906808
0.022332363128851413
0.022896026135671502
0.009970766570548290
0.015376300010498663
0.016890360858034130
0.006782693904186573
0.002970655045378327
0.001106218195061620
0.000021183467268408
0.003229101638052322
0.006656886632557850
0.005007842537769641
0.007457197002009220
0.005977455209844888
0.009249441866317928
0.015709130908396384
0.018369071798285740
0.014665469551800776
0.019162899140054673
0.020443975644630918
0.028155575820111682
0.025455394003407586
0.014628550494220779
0.020648659427134688
0.007699210417299077
0.013210295879231100
0.014052408336712422
0.012020730376861891
0.022167032537240765
0.022606670798607998
0.017906574300926473
0.007986170763528540
0.015349215603899485
0.010234550269362952
0.009815039690419441
0.008325359788638827
0.004959520635717591
0.005615610567075242
0.023212891072700591
0.024309358798938346
0.011934003030647851
0.019260011923849293
0.019218535394720324
0.022649492617489449
0.016304498539756990
0.011967856183010238
0.012068502993307289
0.017082009414297238
0.017546481748156217
0.018325647659163002
0.018029070162921566
0.031846788753811257
0.031145304966980179
0.042290902504491502
0.102034380363466848
0.044832435501246944
0.500000000000000000
0.020607419739425072
0.109831368563023155
0.059882688585723737
0.080020023132629972
0.031176731298896341
0.038590418771148938
0.017691030703423760
0.017301211298987273
0.010145298614434924
0.009128274381264741
0.017429884562122692
0.007996648086406467
0.004401682388608389
0.004882773061517750
0.001060754902235287
0.000251049095282197
0.000000000000000000
0.001386154084396198
0.004480582424670187
0.009576820647062395
0.012173891495344180
0.009366913976676054
0.027466263940241358
0.015291248613095903
0.027791868496655568
0.035411312315420600
0.037919601826394346
0.018959269143562128
0.017626581652159780
0.011403193392591375
0.019819882305016870
0.010850809144777908
0.018694019053368510
0.012014256976886201
0.004663634750709432
0.012276332246586781
0.018437076858561118
0.015956389889439766
0.008908607132014126
0.013268553821357233
0.012220571982049643
0.011762773194705565
0.021112900260304671
0.015725949504908354
0.009145107145868451
0.023544722251404217
0.020845614345643863
0.006417677535531081
0.024835088480616347
0.018309227191978368
0.020653930419962781
0.017325450864015213
0.011876075889387451
0.023494673201098604
0.020104636300074065
0.020581743374623884
0.031674636200358736
0.035688114109689910
0.042024496301148240
0.070974952582104803
0.045346147402795065
0.000000000000000000
0.500000000000000000
0.011815639831114912
0.101131550953521082
0.057683594516496274
0.036181396391204525
0.034224254539630662
0.031392387373151087
0.022317257763228061
0.019353824973169557
0.018064118377990185
0.002484096126825886
0.009894228225931416
0.008594813308723642
0.015212773165930667
0.023957803523762186
0.018883700113452116
0.020726217061703522
0.009397927357829320
0.009669779233327852
0.009799405016641394
0.001740742966915452
0.000000000000000000
0.000474909857185367
0.003621436672099192
0.005696246548036048
0.015154646901107767
0.009996884506387976
0.004587491268026878
0.006617244796989513
0.010809644229736881
0.003348689930271355
0.022872804929371982
0.021032181957746959
0.012943847298910783
0.019083056101963414
0.016928010989084665
0.016631378970863048
0.023660214028133973
0.018068261072218102
0.019585533599752895
0.008854214096128847
0.006874486982947190
0.009736399071976687
0.015100246659769485
0.011732243877483291
0.017074492210880483
0.019786050495401872
0.032923711368568483
0.021628544564691429
0.015019639853450365
0.015713583670280466
0.028817308299288569
0.043131067237398249
0.035779421068380106
0.028748875829405694
0.029194245475749264
0.043055543533845497
0.070395081669026791
0.011636814374570491
0.500000000000000000
0.008825673195434274
0.067876740884373066
0.041398088310924716
0.033034140000822554
0.040362880728792870
0.023485994184740008
0.026067214525671633
0.033338198664364084
0.020398797078221505
0.032159172562102621
0.030872596404857604
0.027880260540459348
0.026344811987911144
0.015714448759044292
0.028272192730430756
0.011559185373492927
0.012364374969960403
0.009551638430683023
0.002504420737524588
0.002888024054788955
0.000000000000000000
0.000695012380595045
0.001801426702745805
0.014687096265897993
0.019079237508489541
0.008893494296643529
0.020248687855321169
0.032309435978087671
0.027672368203782296
0.011850470312146468
0.015369366570853154
0.015643133008741011
0.018898223125191831
0.017201714918386436
0.007768248500153003
0.015921554120377802
0.025010183764854858
0.019168817698564315
0.009987275456588960
0.015886866432765958
0.016228654136291456
0.011708182749640812
0.012973215924830512
0.008121237344854676
0.014440378752933719
0.022575014504180924
0.017731793058255910
0.021564845603007563
0.030894825449588947
0.023024693933114244
0.037228443795269343
0.025046033307066666
0.065976368400320951
0.132113490226783259
0.000000000000000000
0.500000000000000000
0.008376165760912031
0.112053731796986675
0.058409379253913311
0.017422104024332849
0.049959970149492376
0.030007026646195180
0.040331527144702617
0.040803957317258881
0.026371521271494641
0.016356778771911704
0.018835023237444588
0.008682067256242824
0.011889078541565746
0.005487469663461837
0.003208646573278387
0.000001219379844928
0.000257289720792663
0.003043801553274607
0.005336529907643888
0.007348959559137201
0.010752711612209356
0.009481455166244494
0.011053526875294714
0.010960517901853518
0.017050002711378145
0.016594932491975672
0.009738948104788956
0.008319222180652107
0.013713090139784993
0.005109222159648919
0.006405789490739317
0.008467901230853387
0.012121663409191749
0.021430414804692512
0.012948489933599859
0.017213706372617713
0.013952007138217901
0.015201713406135081
0.009023199691963423
0.008091864014519815
0.022647957079985584
0.025122212297560124
0.034180512270961035
0.038368931873658273
0.026280951994079448
0.021769998652101441
0.054301229958060492
0.044693755234361830
0.062921034005587129
0.052761605013216951
0.500000000000000000
0.009081111284713802
0.079242929623988018
0.052849938644186516
0.045086290051632116
0.042392251969480155
0.041712683347890391
0.037547595199679436
0.019009207869840915
0.014424925977836988
0.016058475149281565
0.014051319197615363
0.004873220718242493
0.003426674396214354
0.002549791176402682
0.000654974558411052
0.000141578702645330
0.000000000000000000
0.000000000000000000
0.000000000000000000
0.000000000000000000
0.000000000000000000
0.000000000000000000
0.000031806441514633
0.003004562094611084
0.016174399881103061
0.017317440489056857
0.024528040845620800
0.013816227042547509
0.018105045339963363
0.026511747650490594
0.030733117780695055
0.037267364384583425
0.016866326658069319
0.023538652860001421
0.025386959288889899
0.011967733749494839
0.015092094098241545
0.029280320152769570
0.025742717917853306
0.023919939666143968
0.038968658561626089
0.027844589884812865
0.020575194486566903
0.012607746889543745
0.038121340636611357
0.048830012018644127
0.113638402118780429
0.500000000000000000
0.023532258057980433
0.122443373023483557
0.083542871864660265
0.045437339583595110
0.048399963565492865
0.035704139621622347
0.022736474242212232
0.009468637874113521
0.014477002440834212
0.010408636050859545
0.008305685922939871
0.004329967099224659
0.002205700346577720
0.000008270794496579
0.000685060444959739
0.001607651126785357
0.002339204598313274
0.005811193577777991
0.012406236448420952
0.008514298234626827
0.014887088515923817
0.019075182331189842
0.011284018954742599
0.020255142156883191
0.025125374662110081
0.015739799399169689
0.037944827895490627
0.032780848703065510
0.022140119599861105
0.016460519521510113
0.016462077830630542
0.021044759649836951
0.011521949882955447
0.011215459231293858
0.011857305663898310
0.007303350529639215
0.009106974602236343
0.029435733030853947
0.008202181730290270
0.029382836971173068
0.019449434679816885
0.032154647307790808
0.032468656629382975
0.041328159796976779
0.093423569508276086
0.087955259786430456
0.500000000000000000
0.008191177095100310
0.057776504760395198
0.068509047885784907
0.030527173567293200
0.034432274906046945
0.037244954184181334
0.038482712824448574
0.035995026453792961
0.014677236878014813
0.021870445975502112
0.021274128135472709
0.023696145308996063
0.019106102441813717
0.005732347503106478
0.006949117650776092
0.007654558108703545
0.001198667703657549
0.000000000000000056
0.000003349999999796
0.003275073160426293
0.006851782006703385
0.005032151204292544
0.001756920703455463
0.025330235423635328
0.018769509895558364
0.014596092750563040
0.024099314087209119
0.022460059340184826
0.015946310158862921
0.016247068116704250
0.010318494793690564
0.019027257261909694
0.014076928919196067
0.010232387025338643
0.008118330628125982
0.010537809350014566
0.015096516838375694
0.016727925012304513
0.028089864719976949
0.020921047907191216
0.020961696477598261
0.041583634977681722
0.039559417775135573
0.054157912430248992
0.092031491930395545
0.000000000000000000
0.500000000000000000
0.016158711001333023
0.142500621405120598
0.059846364641826591
0.029353547533506857
0.044233036212322656
0.028734967554431168
0.014418228265823714
0.016324739310744456
0.021302867161924810
0.008166952359899924
0.004766475604206287
0.000893001211253817
0.000534760522749123
0.004492336226449257
0.009388336212409107
0.007722286126889056
0.012177241536358921
0.019471857276119678
0.010506203352957651
0.011102054939148401
0.016580576890412257
0.030560400529023167
0.036045182047423373
0.020677200600361205
0.010846887236021485
0.019080967559293876
0.025064569467021205
0.014185687906990202
0.006936824886168107
0.016612293326703494
0.025228766734649421
0.020711681431961521
0.020840268296448569
0.019679509226724963
0.013619669984547340
0.013777171675727118
0.015342235732637120
0.016119818018606801
0.027289573978327632
0.035487769038725747
0.017449750364166603
0.036486498446187114
0.098255571262478344
0.126082389823312796
0.000000000000000000
0.500000000000000000
0.000000000000000000
0.000000000000000000
0.000000000000000000
0.000000000000000000
0.000000000000000000
0.000000000000000000
0.000000000000000000
0.065067621309532239
0.062555297308444030
0.058004239196271484
0.067728890592182678
0.028194708659710483
0.041096418549795934
0.035498823236158973
0.037335097758179656
0.026830761824581252
0.009836598405532162
0.014220516114086996
0.006628952903046557
0.006122043851397102
0.008573138546939677
0.006705627927875595
0.006929933780735555
0.007451837186569579
0.013640687791863434
0.021255501887112050
0.014031984458420429
0.010848388323639472
0.013380833136717889
0.009234529800045936
0.010471078816201206
0.022470134540161557
0.021073608382472613
0.034406791105652007
0.029354254721036793
0.050815220704095970
0.062176353205343413
0.104882352492146502
0.008412671490449492
0.500000000000000000
0.000000000000000000
0.000000000000000000
0.000000000000000000
0.000000000000000000
0.000000000000000000
0.000000000000000000
0.000000000000000000
0.042683578000106970
0.058383257377336878
0.035751078884621132
0.061730118065456037
0.041088852562420480
0.040905925610598207
0.018858080697504869
0.019602535926651475
0.017435765944899286
0.014890009332169798
0.022479604674248258
0.026445827549476834
0.013494302219318395
0.010794278061468503
0.013359993462200407
0.011196010543612809
0.016539611159576924
0.014619537369270576
0.021077166346875554
0.032200531687303545
0.022319793302007410
0.019960729342467277
0.035432248684625488
0.042507982732934241
0.040377433187557425
0.065954726252392903
0.079663056114087832
0.014541607991867824
0.000000000000000000
0.500000000000000000
0.000000000000000000
0.000000000000000000
0.000000000000000000
0.000000000000000000
0.000000000000000000
0.000000000000000000
0.000000000000000000
0.003532441227173503
0.070836961707590906
0.049054934103239620
0.057023690462923916
0.050552633899821703
0.043191799701876941
0.028757726463162634
0.009084661672772771
0.030749464194962835
0.013642183240051748
0.016339879454456419
0.006014079942547641
0.033759849860163851
0.025993162419975357
0.008922192811244725
0.021759886838387203
0.023364032471034069
0.008326871282039754
0.004951420228236380
0.020864609124256837
0.014420456467913524
0.011163771743453463
0.034883605899093603
0.034306306147218302
0.064397934400730703
0.079674293385939246
0.057032889219943497
0.000000000000000000
0.500000000000000000
0.013049246038673917
0.080403299496854527
0.108308440394545083
0.050192493522820791
0.049333515141965538
0.040031478885361745
0.020029994940557766
0.019532914244133344
0.022946622772580329
0.005527408173623662
0.000734431752456581
0.000285597301608276
0.000071819248448747
0.000071819248448692
0.000070095387885254
0.004114876913821739
0.008628926680750878
0.017047211122933108
0.014601752426153249
0.019518462980966298
0.030409457200392204
0.015343009900042330
0.007362628633084785
0.023913737531010188
0.018023210370253607
0.080428599486024016
0.053596478305583582
0.094910679149401211
0.075628776943821210
0.000000000000000000
0.500000000000000000
0.031928671113845647
0.091463321325242250
0.054497657401084101
0.090057538548043450
0.054019656905641485
0.016320018005761477
0.003102021384614846
0.001345357419185128
0.000915557158438613
0.017271635323908952
0.016936777683527179
0.012561466226465869
0.013938067989314188
0.007319584435565645
0.010251335844005855
0.019746537274526722
0.011904299246733571
0.037419938616242002
0.007173237883011508
0.017823844533568802
0.029494767740869343
0.029706451057172713
0.052352416654019206
0.047471346159550072
0.080465557335891155
0.102750863993126537
0.000000000000000000
0.000000000000000000
0.500000000000000000
0.021758008966583715
0.119250198619716571
0.082671725048783562
0.046525455470048938
0.011995990320309196
0.000697169548191614
0.003499108606435682
0.009761213903739747
0.005884768254144812
0.013423713693061846
0.007315927551527344
0.008784845889262805
0.014424596252493880
0.016650027354447587
0.016127036957037821
0.012649104366530000
0.018521314506271744
0.027677772027792903
0.035344938268023200
0.028723600598540646
0.024264834101320409
0.034157115520466172
0.025742967034378166
0.064172123295789710
0.082475028374816378
0.000000000000000000
0.000000000000000000
0.500000000000000000
0.035581765619636177
0.096817799939479171
0.067063827528164116
0.019305716141149839
0.041206364074745254
0.025002300089212271
0.005313513181351378
0.000533758089354203
0.000000040326526285
0.000000040326526285
0.000499378243222499
0.009819872424439595
0.010236419485719916
0.007892523134486585
0.014919238646456359
0.017273585554342906
0.028585626322718830
0.049137454917544121
0.106118714604868492
0.500000000000000000
0.023864145153707671
0.110349327981879214
0.054298748175655179
0.048511215674096747
0.035429752283200694
0.024823758322897137
0.009841168247717847
0.003972716397767155
0.000407536820187600
0.001202680770079974
0.001716124598266496
0.005396679083309005
0.015670116524900791
0.022710033839997281
0.026173404014635231
0.035687123906719673
0.057346726948387709
0.049627126227072368
0.033039923495838446
0.000000000000000000
0.000000000000000000
0.500000000000000000
0.000000000000000000
0.000000000000000000
0.000000000000000000
0.000000000000000000
0.000000000000000000
0.016400059493436522
0.020748574504475040
0.031116137135501796
0.033138916531781276
0.039167360240137415
0.048674389858051524
0.054928032411599541
0.070713551600433258
0.097359672578175613
0.010977091437895974
0.500000000000000000
0.000000000000000000
0.000000000000000000
0.000000000000000000
0.000000000000000000
0.000000000000000000
0.000264531667452421
0.044027173030911450
0.047730099501267990
0.085908913660145414
0.013240703616703793
0.038050734940696704
0.035601076163986813
0.026363556764021173
0.015041241182233728
0.075930978731294466
0.065500690989685001
0.000000000000000000 	
