0.000000000000000000 	
0.000049999052963973 	
0.000259550815002589 	
0.001009552853129368 	
0.001893670190069870 	
0.001332299098145648 	
0.002130479898297709 	
0.003195505107745776 	
0.003711602154839322 	
0.003192525270271783 	
0.003699310057637752 	
0.001652063134595148 	
0.001457090528524801 	
0.002956168653958513 	
0.002822974424929466 	
0.002134797887411254 	
0.004898631650506496 	
0.003276341772626223 	
0.001933913713381988 	
0.003760200576194715 	
0.002543721216801250 	
0.004462662288836667 	
0.002855053985855984 	
0.004622332015070097 	
0.004020115644507167 	
0.001470667346346838 	
0.001141161843684624 	
0.006940574131559026 	
0.002666238674058484 	
0.003128755981477693 	
0.005330333443949249 	
0.003708104032015590 	
0.002986683721781690 	
0.006437881314570180 	
0.008219198154951059 	
0.007586137896066335 	
0.004519164377351132 	
0.007764396203825807 	
0.006100930327212961 	
0.003954652173596949 	
0.002032979095615127 	
0.003568156547743219 	
0.008240804921794142 	
0.008326267947487358 	
0.006353605995422637 	
0.004298730191740936 	
0.007394967331197920 	
0.002226473583023608 	
0.003739163783870058 	
0.003976230601629584 	
0.001977933409575158 	
0.001554814956795501 	
0.002143940484656285 	
0.002554380070978455 	
0.001685175381718545 	
0.004609536050168586 	
0.003492243488900647 	
0.004305390922430835 	
0.003865031355181487 	
0.003271659179928827 	
0.002687919866899109 	
0.002893983330807178 	
0.008030850200588678 	
0.006182245971640523 	
0.003214685829532166 	
0.002713347878389441 	
0.001949657653932525 	
0.002738624595230552 	
0.002419166434344694 	
0.002216768090868414 	
0.005749672826099611 	
0.006438849845589402 	
0.006152543543305095 	
0.004275366025258621 	
0.003633647759103527 	
0.002849279549877194 	
0.005028649913161744 	
0.003137312034013682 	
0.002149272883683531 	
0.003856518865674011 	
0.002962233908200213 	
0.002294893978824694 	
0.002694815441364216 	
0.000488614692860784 	
0.002647435320355545 	
0.005156980088104587 	
0.003824468306831526 	
0.005202551806621891 	
0.004086553468795046 	
0.005582304097868421 	
0.009937939615033402 	
0.008147027650212519 	
0.004590725548941249 	
0.003675722633141868 	
0.004149398087544439 	
0.003251007918926618 	
0.003524694248265786 	
0.003089374189847574 	
0.003827458646275283 	
0.003175660625957968 	
0.002156360857215923 	
0.002485554254008420 	
0.001447580773362674 	
0.001083237628383159 	
0.001557299990896556 	
0.001732389772868889 	
0.002301203243882144 	
0.002825817081901363 	
0.004042010649507027 	
0.007137002599192540 	
0.003851882084757767 	
0.002005885478568965 	
0.005604413544672625 	
0.007630683896191923 	
0.003101923314072066 	
0.001949684626882722 	
0.002200991383238123 	
0.004463742306345723 	
0.002771600170661791 	
0.000945452890398377 	
0.001855666565013579 	
0.003835932445665451 	
0.002426743398707592 	
0.004030142012669848 	
0.002275837177551371 	
0.002473028411423319 	
0.002811162854519502 	
0.002151870478473444 	
0.001942240118245946 	
0.005735299144117101 	
0.002019977022909247 	
0.003869523894408259 	
0.001271500596287808 	
0.001684028444654531 	
0.001297751275196827 	
0.001181340066189575 	
0.002735127557496356 	
0.002655068539660268 	
0.001721142055662851 	
0.000821420819213551 	
0.002187169609694921 	
0.001056446261292312 	
0.000401717454516375 	
0.000785626215317887 	
0.000625976464812907 	
0.001240198905874791 	
0.003020454204800926 	
0.004256904754463091 	
0.004308820963837325 	
0.003239110864325051 	
0.004410174100588323 	
0.002621359932167405 	
0.005107991244521988 	
0.002011518109746666 	
0.002115213305287334 	
0.001858859921827915 	
0.001642405637668610 	
0.000534214710345720 	
0.000129775415690527 	
0.000500776105747261 	
0.000764695011200870 	
0.001923642915693355 	
0.000950417126225841 	
0.000665866340360877 	
0.000450208314572456 	
0.000307932629100041 	
0.000259550815002660 	
0.000259550815002438 	
0.000275746497416944 	
0.001401982250584681 	
0.000129775415690416 	
0.000247137251363582 	
0.000519101489018077 	
0.000262616383923618 	
0.000229868501704108 	
0.000211079866248075 	
0.000231398941241985 	
0.000145426945346013 	
0.001194597938153453 	
0.000325099346819313 	
0.000511477444587156 	
0.000176625628972099 	
0.000140849700245192 	
0.000143701829704560 	
0.000596955619912370 	
0.000488097510769346 	
0.000279974262321062 	
0.000107391124835021 	
0.002424713415270402 	
0.001090706842723378 	
0.000305170801904542 	
0.000129775415690416 	
0.000062695251558820 	
0.000238741531501081 	
0.000113083656427245 	
0.000000000000000000 	
0.000000000000000000 	
0.000012306845738343 	
0.000104968221717017 	
0.000895380123923450 	
0.003562820803799294 	
0.002413322753948055 	
0.000239709050388986 	
0.000042466475133424 	
0.000000000000000000 	
0.000224621616505065 	
0.000009928507382600 	
0.000000000000000000 	
0.000000000000000000 	
0.000000000000000000 	
0.000000000000000000 	
0.000000000000000000 	
0.000000000000000000 	
0.000000000000000000 	
0.000000000000000000 	
0.000000000000000000 	
0.000000000000000000 	
0.000010806286650272 	
0.000343700166863728 	
0.001014919665920330 	
0.000376525749982182 	
0.000314866060740938 	
0.000000000000000000 	
0.000000000000000000 	
0.000366942944883796 	
0.001203177852037675 	
0.000286555833701328 	
0.000204140428422409 	
0.000088549073977888 	
0.000442231139224724 	
0.000336933089556311 	
0.000128399897604853 	
0.000088528465647604 	
0.000785900457671985 	
0.000684693832362526 	
0.000592205489495625 	
0.000120025379067106 	
0.000521689757093070 	
0.001563778354493916 	
0.000383648588829356 	
0.000538988689835055 	
0.001910400741493928 	
0.001231085521395528 	
0.002111653860504368 	
0.000611949195615093 	
0.002330673430114716 	
0.000579436018624879 	
0.000770367339920114 	
0.001078385035197061 	
0.000572295830353202 	
0.000558592482894002 	
0.001025026316667523 	
0.001260184111569271 	
0.000488912998528619 	
0.000619458160245034 	
0.001456578757302468 	
0.001421128616547835 	
0.000881400736830677 	
0.001586499206353067 	
0.004511107990668139 	
0.004120925253479337 	
0.001767210432946231 	
0.003750376008044051 	
0.001492033220925004 	
0.000946960608733790 	
0.001756416211754430 	
0.001814986123261270 	
0.003181772319207883 	
0.002346183469169935 	
0.002508795647175515 	
0.002516863008952808 	
0.003328402087294887 	
0.004644183472567096 	
0.003861219981099327 	
0.008196648053117477 	
0.004163393658844839 	
0.002494979824939327 	
0.002097291287745746 	
0.003608882383254576 	
0.007009146069945248 	
0.003925911689684398 	
0.001580894918593177 	
0.003261797124352819 	
0.008361873952641201 	
0.003665422854299185 	
0.005613486317810525 	
0.003720718132085122 	
0.004024931059463751 	
0.006275584900441483 	
0.008820213417842242 	
0.003248024926262239 	
0.005856637526527006 	
0.002560847355545688 	
0.001461240507790269 	
0.002640533835268542 	
0.002371310807748466 	
0.002202578777956442 	
0.002860477355321074 	
0.001847750544511124 	
0.003295908728332049 	
0.002625990275752601 	
0.007036398826903247 	
0.004167451022174795 	
0.004940912036865979 	
0.004466401573068297 	
0.002700687439949510 	
0.003212088988263430 	
0.002384851170039070 	
0.001726929495964681 	
0.004213393223802026 	
0.006495207482973784 	
0.001226111383448285 	
0.001905525347586456 	
0.003035856756124918 	
0.002820911982796279 	
0.004092577881817999 	
0.004018635120660754 	
0.003079673562580352 	
0.003902075976459656 	
0.004004585575437821 	
0.007463214314314542 	
0.008077871108694675 	
0.003860262299296660 	
0.004964072290335577 	
0.006847584988209976 	
0.006216262081632305 	
0.002870529485905550 	
0.002995971588273555 	
0.002028651982434472 	
0.003106009827951045 	
0.002390189655670761 	
0.004976578059892238 	
0.002306212029156678 	
0.001758023630961900 	
0.002989245965458850 	
0.003742479174427506 	
0.007416348641726563 	
0.005647345626069225 	
0.003623181553102724 	
0.005975127818344910 	
0.003503486560195472 	
0.003566331905575779 	
0.005225967652330805 	
0.006144137911970462 	
0.007394902385388205 	
0.005891677467621925 	
0.004421602895848696 	
0.006012996983437850 	
0.005393015109050883 	
0.004349760663921445 	
0.002430643686168422 	
0.001911340027685200 	
0.001015670235331978 	
0.001191142735293331 	
0.001876573417349572 	
0.000691727720866417 	
0.002822442363445558 	
0.004929941953334107 	
0.005629308157137205 	
0.003822889916868745 	
0.005202551697273987 	
0.006029944223989669 	
0.003478957496312284 	
0.005943711292682197 	
0.004420843705780777 	
0.005348106357400353 	
0.008023563075252035 	
0.002960617857428635 	
0.003457851382030807 	
0.006426837656797358 	
0.004623233245413232 	
0.002824764507852335 	
0.002288954657452492 	
0.002630824391352947 	
0.002548116161500582 	
0.002706662557316631 	
0.001520583988589606 	
0.008438656846296544 	
0.003084778778282431 	
0.002039415789885830 	
0.002931717494703402 	
0.003102915464811055 	
0.003207687693264054 	
0.002878103289397918 	
0.001761727636474178 	
0.001059675049673582 	
0.008157974649485424 	
0.006508372808168845 	
0.004873880036591943 	
0.004742600623024427 	
0.002216070373776507 	
0.001979823275845402 	
0.001843694039693541 	
0.003412108771310154 	
0.001744886610388443 	
0.002524924947132522 	
0.001634840107076993 	
0.002485461244491141 	
0.002721629088580112 	
0.002282552149908419 	
0.000174351829644935 	
0.000042765258363298 	
0.000000000000000000 	
0.000000000000000000 	
0.000000000000000000 	
0.000000000000000000 	
0.000000000000000000 	
0.000000000000000000 	
0.000000000000000000 	
0.000000000000000000 	
0.000000000000000000 	
0.000000000000000000 	
0.000000000000000000 	
0.000000000000000000 	
0.000000000000000000 	
0.000000000000000000 	
0.000000000000000000 	
0.000000000000000000 	
0.000000000000000000 	
0.000000000000000222 	
0.000000000000000000 	
0.000000000000000000 	
0.000000000000000000 	
0.000000000000000000 	
0.000000000000000000 	
0.000000000000000000 	
0.000000000000000000 	
0.000000000000000000 	
0.000000000000000000 	
0.000000000000000000 	
0.000000000000000000 	
0.000000000000000000 	
0.000000000000000000 	
0.000000000000000000 	
0.000000000000000000 	
0.000000000000000000 	
0.000000000000000000 	
0.000000000000000000 	
0.000000000000000000 	
0.000000000000000000 	
0.000000000000000000 	
0.500000000000000000 	
0.000021679460892374 	
0.000373886694242914 	
0.000842127570543407 	
0.000458713920011629 	
0.000928456785925371 	
0.002146346204477820 	
0.001967621228375206 	
0.001489866817086894 	
0.002753402842090519 	
0.002520654690494012 	
0.001814310306418612 	
0.002224332485741419 	
0.004002443347752219 	
0.003036422560307294 	
0.001678144712323692 	
0.002735523726419443 	
0.004106644942555648 	
0.002166952281913454 	
0.004941484507066108 	
0.002269990168306710 	
0.002133832476853257 	
0.002320901942115359 	
0.004226514337782472 	
0.004422677424608335 	
0.003295476776167397 	
0.001812014115377821 	
0.001537055572945801 	
0.001427498314110802 	
0.002212163512882355 	
0.001503943768841914 	
0.002266558713669798 	
0.001487600383368214 	
0.002547971203647666 	
0.004738799818676458 	
0.004380884862073595 	
0.003083203640842513 	
0.003034116732520662 	
0.002598980307262213 	
0.003764000280210021 	
0.002775052566404714 	
0.005208860504252963 	
0.005585411485670194 	
0.002412626913108463 	
0.002945079544916630 	
0.004792782772770251 	
0.002748897067067604 	
0.004945246564199452 	
0.003128108028086520 	
0.001927272166697063 	
0.002049006675408639 	
0.002167269329917703 	
0.002777379175380341 	
0.002357091734837012 	
0.001252542301902185 	
0.001301976161507379 	
0.001101144120751091 	
0.002178310645275336 	
0.001319444493721476 	
0.003119727872936152 	
0.000947084706427198 	
0.001630988576655713 	
0.002521742893375707 	
0.003160784800350890 	
0.004602998852067642 	
0.004243211800437993 	
0.002437367650879688 	
0.003310972307122279 	
0.002134233286845538 	
0.001166946418699089 	
0.001662909656793461 	
0.003365002063049157 	
0.003875417635928239 	
0.003302676643376120 	
0.002114407359683850 	
0.002370402876889651 	
0.002834407022786940 	
0.004191108514700982 	
0.004081548099758092 	
0.003973209052676506 	
0.002491356276183770 	
0.001447664331953924 	
0.003434580521011811 	
0.007421385166209368 	
0.004858296172145399 	
0.001275750813837679 	
0.003675717973425853 	
0.003544516898386993 	
0.003319414028831581 	
0.001646546920465695 	
0.002226276309009399 	
0.002081313830293196 	
0.002165016762764501 	
0.001937548591256458 	
0.004882864865839890 	
0.007905917326592153 	
0.004169832743739298 	
0.004305232248857124 	
0.004074691735058799 	
0.004716747125159782 	
0.004176686318027619 	
0.003967438057332416 	
0.003837425285799194 	
0.003468064163328278 	
0.003160784107856248 	
0.000994668994506736 	
0.000548850044458024 	
0.001870217039812532 	
0.002501602831752949 	
0.003061531229220475 	
0.001672434336245786 	
0.002124687907247843 	
0.005034220615320673 	
0.007015712798073578 	
0.005127865218171245 	
0.002651508130325542 	
0.003662434939651061 	
0.002742024531689393 	
0.002174519217375630 	
0.002300025255006515 	
0.001881653682446788 	
0.001550725472048193 	
0.001554537703595083 	
0.000790782199375038 	
0.000731434319849907 	
0.001444934086846897 	
0.003390909348594763 	
0.001890409243655325 	
0.001547278750330532 	
0.002102649557526079 	
0.001252149793569062 	
0.001134238067710105 	
0.000629127003432247 	
0.000504739379431322 	
0.000809020396057522 	
0.000425628141551273 	
0.000895751140105772 	
0.001314131446409002 	
0.001702121505869176 	
0.001711609490661030 	
0.001579270473804887 	
0.001575440937646691 	
0.003450560551785054 	
0.001352232393617868 	
0.002585285032559489 	
0.001461336321849125 	
0.002164264984498320 	
0.000947088859205296 	
0.002492827288570013 	
0.003016645458194149 	
0.001548461808557491 	
0.001205363782132703 	
0.001540082099229151 	
0.000932269733212706 	
0.001751525332217957 	
0.003925238528461309 	
0.003254365304209352 	
0.001956185985533509 	
0.002032260527998947 	
0.001872518074850807 	
0.000722329753884087 	
0.000193987448780776 	
0.001226262251679230 	
0.000837555216418776 	
0.001870619236313663 	
0.000745903876343331 	
0.000099272643470100 	
0.000663712874279722 	
0.001005305504290845 	
0.000668674283120560 	
0.001023170547228491 	
0.002090049981218462 	
0.001178765975656181 	
0.000912105695307578 	
0.000730300402773366 	
0.001150162007986082 	
0.002178749528819738 	
0.001385229342192999 	
0.001470519052800812 	
0.000458718073559338 	
0.002485213325942143 	
0.000807560427019084 	
0.000160132548948069 	
0.000144518658968323 	
0.001268903036212598 	
0.000239623892489169 	
0.000429807995243881 	
0.000201599522841440 	
0.000130080916052223 	
0.000178770223746992 	
0.000268533986372126 	
0.000110687986455850 	
0.000079494817617025 	
0.000142636408109369 	
0.000058957583654628 	
0.000123609683455512 	
0.000765653967064774 	
0.000633704209187151 	
0.000092805563993987 	
0.000045646143813450 	
0.000000000000000000 	
0.000000000000000000 	
0.000144535965370021 	
0.000063141594268428 	
0.000000000000000000 	
0.000000000000000000 	
0.000034992285128258 	
0.000203108646178471 	
0.000108028328783422 	
0.000056672438211617 	
0.000012553416543075 	
0.000000000000000056 	
0.000009127428980667 	
0.000060098425728865 	
0.000023581095229655 	
0.000107261306680892 	
0.000076835159821804 	
0.000045261940651009 	
0.000023963914207029 	
0.000000000000000000 	
0.000000000000000000 	
0.000000000000000000 	
0.000000000000000000 	
0.000000000000000056 	
0.000000000000000000 	
0.000000000000000056 	
0.000000000000000000 	
0.000000000000000000 	
0.000000000000000000 	
0.000000000000000056 	
0.000000000000000000 	
0.000000000000000000 	
0.000000000000000056 	
0.000000000000000000 	
0.000000000000000056 	
0.000000000000000000 	
0.000000000000000056 	
0.000000000000000000 	
0.000000000000000111 	
0.000000000000000000 	
0.000000000000000000 	
0.000000000000000056 	
0.000000000000000000 	
0.000000000000000000 	
0.000000000000000000 	
0.000000000000000000 	
0.000000000000000000 	
0.000000000000000111 	
0.000000000000000000 	
0.000000000000000000 	
0.000000000000000000 	
0.000000000000000000 	
0.000000000000000056 	
0.000000000000000000 	
0.000000000000000000 	
0.000000000000000000 	
0.000000000000000056 	
0.000000000000000000 	
0.000000000000000111 	
0.000000000000000000 	
0.000004414589619191 	
0.000104399547863569 	
0.000000000000000000 	
0.000000000000000111 	
0.000000000000000000 	
0.000000000000000056 	
0.000000000000000000 	
0.000000000000000000 	
0.000000000000000000 	
0.000000000000000000 	
0.000108814137282103 	
0.000020557167128251 	
0.000088256970943600 	
0.000086552941976451 	
0.000131075333156341 	
0.000000000000000000 	
0.000232064633868570 	
0.000094377766347106 	
0.000000000000000000 	
0.000331682858305531 	
0.000226368215154135 	
0.000094833697284052 	
0.000000000000000056 	
0.000144176554337956 	
0.000538779944680007 	
0.000437926744548582 	
0.000158210312468541 	
0.000961660093189361 	
0.000887158571451763 	
0.001993743030816080 	
0.000232750162602509 	
0.000901465408812362 	
0.001413412472000639 	
0.002465682296128788 	
0.001720295789404889 	
0.000223063530264342 	
0.000260765444280274 	
0.001048484720306905 	
0.002284079948992259 	
0.000470194462699849 	
0.001371449712648668 	
0.000837220647173312 	
0.000147817475355998 	
0.000403372839210087 	
0.000634265309140988 	
0.000802077038648601 	
0.001328199671753513 	
0.001545151508010016 	
0.000412407670885392 	
0.000223379091332950 	
0.000233487922307946 	
0.000600871388509972 	
0.000907153105278911 	
0.001197099057555957 	
0.001081567333478097 	
0.001166684586983487 	
0.001105253881977110 	
0.003885497336194242 	
0.001174582273666734 	
0.002928703420571464 	
0.002307844456090850 	
0.002381715662529561 	
0.001377745651361857 	
0.001307705759115620 	
0.000966079019211218 	
0.000751308836044414 	
0.001733733087654375 	
0.001487528422806545 	
0.001771012353913989 	
0.000641439412935624 	
0.001118408358016240 	
0.002369954208038957 	
0.001135848999744802 	
0.001056483612601359 	
0.001692088228586287 	
0.003033574759675422 	
0.001243808336064761 	
0.000408716697776539 	
0.000861178186903320 	
0.000867431716497493 	
0.000728905142170874 	
0.001447734346482197 	
0.002762287379120553 	
0.006511570485017042 	
0.004855253980309889 	
0.002411489790985757 	
0.001949885086144614 	
0.008142790919889736 	
0.002088883087552619 	
0.002344116864305028 	
0.002561055478853325 	
0.001549586729790638 	
0.003426338218326826 	
0.004407662604136545 	
0.002588425861975384 	
0.002876986890966769 	
0.005717657393153978 	
0.002575341310802992 	
0.001638377077266734 	
0.003758778706696949 	
0.002602042496965516 	
0.001350349719359328 	
0.001665801205074459 	
0.001645192033160220 	
0.000953665548014561 	
0.001822824625383457 	
0.001915472040752363 	
0.000881679796082688 	
0.001356414974527941 	
0.000704210912481355 	
0.000651778915898998 	
0.001251528651243310 	
0.001801498422088908 	
0.000920607928544916 	
0.001727989946276823 	
0.001700126236935552 	
0.002048169886179569 	
0.002911915059140088 	
0.001109039506899022 	
0.003273004216447804 	
0.003508868685534835 	
0.006526795346705333 	
0.005702874744510821 	
0.002192414579432335 	
0.004792479506603227 	
0.003132598389362269 	
0.002091118091073276 	
0.005996897077945645 	
0.007791593265084414 	
0.003764128795311805 	
0.005841574696501596 	
0.013384894776231367 	
0.007858377903856715 	
0.003215641993840446 	
0.005568913269686708 	
0.001955857803073096 	
0.004132475402976603 	
0.003174283428228849 	
0.005710607157434574 	
0.005166605237487633 	
0.010905625358595655 	
0.005402514047541531 	
0.002168745777585174 	
0.000927114991317287 	
0.001639559874380237 	
0.001674395250231098 	
0.002454078637370930 	
0.002001232588871580 	
0.003698747108725105 	
0.002086539272673822 	
0.000252220272203712 	
0.002308138248209649 	
0.001443568976550475 	
0.002992621869268394 	
0.005993052139287752 	
0.003748933758150501 	
0.003684309347656909 	
0.004352614491699640 	
0.003332682903448339 	
0.002264306652531638 	
0.003296285084708548 	
0.003014793038221614 	
0.005044397940134854 	
0.005131219367397117 	
0.002321223955648577 	
0.003302481780305760 	
0.003525283573895755 	
0.003863347371344046 	
0.005654988555358068 	
0.003772312241544913 	
0.004717104239980953 	
0.003752600588202254 	
0.002377106400145107 	
0.002761413628040795 	
0.001651643553126932 	
0.001806989111860195 	
0.001336935208616890 	
0.002239397425008942 	
0.004970076631514928 	
0.004114818245000567 	
0.003789194878174281 	
0.003474629810241448 	
0.003216301380034959 	
0.002425226167271642 	
0.003202040786883848 	
0.002220385797197247 	
0.001521321436114056 	
0.002353508405647218 	
0.003029263701823133 	
0.001278034518388331 	
0.002005333727887390 	
0.002616764648576157 	
0.002832285323370245 	
0.000923443615510908 	
0.001704881359981722 	
0.002158140950687172 	
0.001026931996735555 	
0.001423344946250495 	
0.003272311100024036 	
0.003997091270629629 	
0.003765533506206953 	
0.000665478591802887 	
0.003306216118828964 	
0.004129216641378970 	
0.003180579160057167 	
0.004566769791905460 	
0.002229208273243565 	
0.003027188692426906 	
0.004540553199845872 	
0.005274265090757591 	
0.002052374393776125 	
0.006428937809278654 	
0.001194127360226001 	
0.001832728755545124 	
0.001549445273499160 	
0.000894053013283762 	
0.002309608295656219 	
0.002502716274707762 	
0.002270456701528989 	
0.001518941693036260 	
0.001754689347304168 	
0.001704664821598578 	
0.007302611295543184 	
0.003942733329680467 	
0.004213843124077405 	
0.001865156013967470 	
0.002285469476665720 	
0.002643810742598704 	
0.002368684375414561 	
0.001561864110751795 	
0.003088819803543083 	
0.003712552688157954 	
0.001272117243526216 	
0.000879789700449713 	
0.001354883970842158 	
0.001125400718946541 	
0.000794812625193205 	
0.001011464131328287 	
0.001660482428930747 	
0.000724141269284536 	
0.000113656366245792 	
0.000043503892862250 	
0.000174124378988935 	
0.000000000000000000 	
0.000000000000000222 	
0.000000000000000000 	
0.000000000000000000 	
0.000000000000000000 	
0.000000000000000000 	
0.000000000000000111 	
0.000000000000000111 	
0.000000000000000000 	
0.000000000000000000 	
0.000000000000000000 	
0.000000000000000000 	
0.000000000000000000 	
0.000000000000000111 	
0.000000000000000000 	
0.000000000000000000 	
0.000000000000000000 	
0.000000000000000000 	
0.000000000000000222 	
0.000000000000000000 	
0.000000000000000222 	
0.000000000000000000 	
0.000000000000000111 	
0.000000000000000000 	
0.000000000000000000 	
0.000000000000000000 	
0.000000000000000111 	
0.000000000000000000 	
0.000000000000000000 	
0.000000000000000222 	
0.000000000000000000 	
0.000000000000000222 	
0.000000000000000000 	
0.000000000000000000 	
0.000000000000000000 	
0.000000000000000000 	
0.000000000000000000 	
0.000000000000000000 	
0.000000000000000000 	
0.000000000000000000 	
0.000000000000000000 	
0.000000000000000000 	
0.000000000000000000 	
0.500000000000000000 	
0.000000000000000000 	
0.000000000000000000 	
0.000000000000000000 	
0.000000000000000000 	
0.000000000000000000 	
0.000000000000000000 	
0.000000000000000000 	
0.000000000000000000 	
0.000000000000000000 	
0.000000000000000000 	
0.000000000000000000 
