0.000000000000000000
0.059193135035662037
0.057153208997173022
0.062810505480529827
0.071113864147869355
0.066986681717741609
0.096026786197727323
0.062475604813576106 	
0.043891564439522836
0.027118725634682646
0.075551374832640489
0.051241348137045652
0.040400970565292967
0.062784839143657442
0.039705651006194956
0.024849121219843763
0.036549631493524568
0.003217543559065237
0.046065912118258973
0.047005025955190509
0.042655583374297548
0.061707057823621070
0.034690126992413743
0.034578314808102521
0.021919243483947096
0.019780710661668328
0.027454013352717483
0.023473268649717823
0.047278879540937228
0.031657873868233911
0.039782372977067028
0.030870044796208397
0.028000264637302069
0.012814173392237903
0.023054850118710783
0.025688112738792984
0.025895270051595004
0.040468331517275406
0.085217152408689725
0.045829271703482777
0.055811696792969399
0.022765426637691821
0.000476886201724386
0.000476886201724386
0.000476886201724386
0.000476886201724164
0.000476886201724386
0.000476886366460683
0.000476886201724386
0.008363403780449218
0.024975999710299276
0.018721393404227842
0.042508865879861364
0.044060509101055162
0.061479088604822402
0.048997674387965609
0.054787299776895483
0.073881966484410158
0.021227672205504065
0.022655588323984965
0.022262397993292164
0.032731345034812127
0.032545372158677949
0.025130644060517453
0.021291900949502337
0.014922339538097521
0.020966251008216304
0.018250489885374532
0.039579426381880674
0.094593623679057576
0.067379304576167309
0.053185206201220761
0.040064719926449908
0.048180220498741974
0.062491005675952629
0.027553926451375471
0.032991973483656747
0.023091511881349745
0.046203122934089187
0.064718936394529275
0.087551162608151392
0.092081917755751502
0.093752813163904353
0.055479417710147381
0.026856929388092626
0.000000000000000000
0.500000000000000000
0.005723431229550984
0.048457228676476852
0.093659398118456680
0.087676384231132040
0.056484068466015294
0.075959350898899866
0.039228662124589815
0.048853632017588508
0.021903886523531778
0.039846109854245630
0.061039947952702768
0.045825683466585651
0.055364957515141172
0.023754282973173658
0.042875592018185520
0.074020058169676842
0.049433592215981009
0.022292870443957665
0.021251698771257318
0.014142703358962031
0.024523180832282537
0.015197976862423926
0.057483787500237013
0.042794629882921195
0.051723395508656608
0.048464710129130013
0.036500998490590235
0.051110584481175142
0.012280859514744134
0.047086265561353542
0.025058635516228518
0.002631967461516788
0.004820477195323472
0.012692135189516554
0.027924735152996292
0.028800467452714293
0.042345569596551606
0.023534115004472035
0.044560523801621177
0.019184633616163772
0.022279858297765277
0.062221395233217784
0.018441113610869548
0.026854221109287008
0.039257025811328741
0.052723680845679514
0.029748841872650266
0.017865051756359666
0.027873920310701978
0.022053631865192744
0.013840073662908223
0.035638458665932363
0.023915102005586202
0.021471846197468385
0.035224770714532394
0.019759822330384282
0.023794049327769587
0.030464550602935719
0.062966602725939042
0.064548049437705854
0.041327329084242262
0.024460019412370124
0.025462053418039105
0.019788740585264922
0.011198287058300222
0.044433946220165325
0.021946631111678230
0.018405272361404476
0.023540204035886119
0.019401770288341311
0.058489626699839876
0.032788976389128761
0.039049564239122793
0.027588600361155010
0.088999049914990608
0.068776448854374020
0.051095884322683395
0.023870053135205654
0.065405611108314624
0.070036413603486281
0.085213158249273432
0.046125263355306305
0.011746318337531703
0.500000000000000000
0.010590450704839700
0.068811037365021033
0.090314108917845096
0.073222797279306945
0.066604454952453082
0.048529552412981861
0.021997780457139172
0.060679207872218886
0.061358036358768520
0.047014930369208750
0.081297722386039800
0.041119898754671903
0.029854481946412180
0.028555284212722694
0.033000948671981820
0.029730365741099798
0.004819500731180184
0.007909224151358744
0.040317353031522118
0.023792856711639537
0.066140880315281841
0.064323257896094166
0.062234989248249870
0.027485524294581256
0.075615348752805761
0.057485662386085858
0.035311118956759174
0.012991907318515026
0.008782964100598610
0.011435115671266757
0.014685643039491486
0.000004475780468796
0.004513673409425550
0.012321729054598191
0.025508774070293349
0.031997258599501296
0.041041302918982205
0.028024613134609733
0.021421284231229860
0.030574824996140875
0.043981614095833788
0.020557714112019447
0.035908553104171362
0.047921046407097205
0.034549223234993105
0.030843141539818680
0.040247483437647676
0.014702810006691183
0.049272960943104890
0.042286430448151502
0.032807642976259675
0.073319415567422178
0.042311363738579300
0.024357207976206632
0.019488791531989472
0.018502038097861433
0.010498856595871015
0.017900496358446934
0.035232442440404410
0.080419579062009736
0.061982134035964254
0.040782109936781108
0.028622903750139157
0.059703839275789171
0.084369168750812296
0.089724791928319725
0.058967115904569434
0.035058266032792988
0.500000000000000000
0.000753789428929854
0.056331372229637272
0.166574886892995211
0.034592388407307148
0.041582870303516338
0.052078783771719553
0.007622289451446550
0.020235591059742101
0.086222068086186862
0.039052093555268799
0.040585963765771421
0.032609644621253722
0.052807329677634851
0.076835827527755307
0.046292988450150827
0.015889837454356518
0.013477874179392195
0.000486981050378676
0.051438072721462280
0.075792922458520526
0.024358821364118596
0.038911250039003975
0.024151420582934412
0.020579764216778786
0.027138216208375452
0.027173770058870610
0.047772309458511804
0.027547964607963046
0.057146399844399468
0.023000571290489456
0.041069139723669074
0.011199954667342110
0.034787594220661203
0.020728728283405516
0.032012205249965252
0.028863813056219479
0.022328046473036604
0.032953963301686873
0.037906450067930683
0.037658274900375523
0.019559184037391368
0.027043692001672458
0.026726850742786794
0.029339089063053703
0.038425381968021081
0.025473803798996626
0.026170782512704438
0.051451698139654264
0.055826760875728604
0.018360031321911052
0.036538902834758941
0.015324279452724566
0.056431879550908726
0.058315929060381723
0.024788150287587268
0.032500173576952437
0.049809918783570599
0.046338792024235166
0.034394524585342499
0.052518015179534888
0.055050631383410965
0.055430802750567651
0.092392017796577589
0.108363524494983696
0.018636483828546102
0.500000000000000000
0.008726023931473195
0.093171595589429196
0.045174646517483874
0.074895608317949613
0.023653392325078362
0.054237402098776671
0.029697995385779895
0.020788745288778481
0.036927521833835950
0.031700567978288685
0.089832513201508188
0.084716904336548104
0.044169550233449796
0.060790009026333899
0.017436583035967922
0.007758692104765820
0.000000000000000000
0.025111764787462638
0.053140219795877547
0.049161880665961263
0.023561036527601879
0.016663047067374384
0.035900387514550436
0.017816961014662052
0.034892279221191196
0.084126532878569388
0.045065113525473287
0.044407180327426382
0.037380040787602598
0.009261092829301754
0.017533133767910838
0.021493551888624660
0.039921486372153279
0.018857211669384234
0.009633987512791937
0.023395693094266611
0.038120560091941286
0.038707485098859622
0.026286352237639126
0.065244693384487018
0.016618082949720912
0.032057627245553548
0.062997032980299225
0.027248872025811478
0.005642799708229122
0.048327773908101959
0.032656147159922433
0.020640004207349273
0.068771237182917860
0.021706480886026849
0.070891320339780156
0.070837385929759425
0.029167586589024120
0.023048158847940158
0.048067490078875390
0.042969911772706475
0.052828619425356868
0.085532921041324483
0.093802070967574813
0.100759054876301574
0.023099255324711476
0.000000000000000444
0.500000000000000000
0.003638225787219353
0.065974824464694715
0.063055977473109370
0.066641877049413337
0.065874994099772391
0.072927015757650288
0.055275901975695332
0.069072393914093561
0.052862459633813218
0.004976256333968809
0.012040301897996389
0.045775244703505899
0.054730388009413398
0.046673400055525692
0.109436808478144937
0.052417651535717771
0.022603139791480549
0.038522211867153967
0.037338717642584063
0.012571369966721067
0.000000000000000000
0.006423986494958801
0.030213714354228160
0.021409260502711084
0.027385787467552710
0.022995644955609389
0.016010534503260183
0.022458697675742288
0.020246053883073000
0.015846740905439641
0.056194438331377154
0.040981656921399129
0.016416587059702649
0.023792896621063028
0.031232088790846466
0.022042389438501054
0.076048044683600990
0.040379725080383032
0.023366827469049289
0.016801798780662250
0.016617079644958982
0.021946050544039149
0.069503927855422448
0.018779626314499455
0.046072849380040380
0.056313905465905735
0.056312623187476769
0.049471012549615244
0.028939888017094406
0.022098973301532460
0.059835670054940726
0.071867788362244570
0.068041143604953017
0.042888873601014656
0.057905723691529715
0.076550840705471801
0.065199852318349114
0.011561518536256079
0.500000000000000000
0.002555202911446279
0.045902927292891187
0.066194249304728933
0.066075187652093317
0.070124582445168421
0.054630571803471563
0.056168806089330406
0.057844043565480147
0.032076788150246574
0.046341334648531497
0.067789162972332395
0.040030719457322880
0.062342794721196568
0.030829348180679412
0.060387192306763267
0.043807877241443832
0.050244098902206734
0.044235164684448533
0.024191991941901862
0.032620200886827315
0.000000000000000000
0.006797002347485126
0.007389857888384367
0.039900658641608695
0.036543372127197236
0.040117951038295033
0.042734071090590270
0.040888369414468204
0.035220191748486604
0.010207001785510209
0.017954347040470345
0.025224238291244132
0.037726092502556118
0.043536695652183141
0.027604056081952492
0.030928746628987817
0.058651290193044277
0.040453591739273723
0.028955575040533900
0.012497456665216570
0.013311909850974109
0.015231229570828064
0.015237004183931794
0.018501125843076630
0.060737242655475504
0.056889324302741115
0.045409002128008712
0.081836713804310179
0.052357606940837235
0.029454105220546992
0.034274389777291761
0.075048288379002390
0.098391623460627547
0.066154055059519754
0.000000000000000000
0.500000000000000000
0.002565633823473783
0.035449853019876069
0.096787052519382050
0.030496089751069853
0.062471081734145464
0.053095599922584377
0.078008896867225230
0.075333683450881969
0.044057667356339418
0.055524395069404958
0.058032259669137914
0.019515011582732254
0.028072775929092863
0.052258792566500470
0.044558147235453295
0.000423601371521217
0.003409327962238954
0.014266108803920272
0.041229127904845966
0.038092550676349562
0.050845148017796257
0.029306473479746253
0.024349280647926203
0.035464732748475891
0.065717209702353854
0.059189358008684682
0.021792963976739476
0.021289120924786721
0.033804790413142667
0.012606757518957179
0.021983568002412530
0.015202767430090637
0.036941924165050571
0.051987690256110788
0.035469566886094553
0.084238594514701018
0.017581927953297997
0.019906152772082551
0.008521254129921989
0.011980287280947613
0.039941429977614622
0.030524218832125870
0.056007251442431842
0.070506337931706936
0.079054902351642878
0.052429353863105828
0.070828207165294491
0.049418536241000358
0.068689278603827952
0.023506738273827398
0.500000000000000000
0.003118379567015365
0.040891694034603847
0.060214599028023730
0.053772025320939991
0.081219897697054219
0.057804793378792831
0.058077948191351605
0.054116199095407901
0.052630042742439133
0.069110034344294982
0.021953496167350706
0.036027367132109481
0.054882172150891348
0.049337896280964931
0.007741721608243738
0.001673572080219913
0.000000002576827640
0.000000002576826863
0.000000002576826974
0.000000002576827640
0.000000002576826974
0.000000002576827640
0.000254782070210283
0.018070538903337999
0.034369361708149665
0.029370558667257688
0.089998489393666961
0.050060412054258187
0.054893154835010366
0.042357993176621381
0.067951917815222015
0.056349829477773040
0.018700755238738338
0.028154428845930619
0.032951491236527033
0.028548884572758108
0.045830328551119653
0.062198908805834598
0.042672807050088989
0.072216505958514421
0.033525664522887688
0.048492775410355828
0.044129427557827498
0.029275327330875102
0.073147881874832704
0.079187472131535527
0.084595944218896893
0.500000000000000000
0.001804287987042277
0.047533860943507519
0.096742052083855765
0.041477959124984795
0.096133639383912117
0.068355503067397114
0.035004318572532687
0.027111831572595738
0.051280207333739107
0.043593057116276424
0.094037476395742725
0.047655496381317594
0.040379954796450360
0.000670867364516017
0.013580846353799957
0.020880484702735177
0.021380523022024339
0.034445019949502359
0.065317181826204329
0.027779521334357724
0.034074491978050528
0.031088402907771154
0.024405831092609690
0.020717815372632131
0.079610814306298558
0.035576167447847654
0.017949728685142090
0.062605235070059523
0.051211940979769215
0.024038463510253780
0.033938981739750518
0.045693544022869251
0.039755979640606710
0.038545573891016802
0.042273542362193953
0.033674685553688119
0.020203569682184685
0.030845071390830679
0.032491911186320444
0.070336264021080161
0.057896291303991120
0.080332665977242007
0.069532515937280687
0.084071916770221577
0.083061555265081966
0.031616260976711656
0.500000000000000000
0.005461702752888048
0.052044364030004620
0.052548808454944279
0.053569140240212830
0.054060550906254522
0.029819259816674947
0.089438952951100395
0.055515352467553777
0.053251039192328854
0.013921780640905445
0.020742678073647151
0.061674589726962645
0.070765036313390151
0.025786659256079925
0.028637745464759740
0.072039180172101092
0.004327291954459542
0.000000000000000111
0.000150349995468170
0.017836198578964818
0.049079425736292363
0.038024013283182230
0.019606758098557300
0.071024783879391776
0.037602511501330586
0.050420476718974754
0.045454080348320894
0.032331200519337119
0.011344862530656528
0.030552389142941134
0.011373347821313960
0.023892020713604308
0.069930029380493350
0.042170658516914858
0.038053918498850432
0.017580140166400155
0.037822863362794744
0.044380643201871940
0.053341437365189252
0.083355568707257577
0.071815576038565282
0.075145007653141221
0.060192819244863742
0.049034185715898751
0.052386683800128606
0.000000000000000000
0.500000000000000000
0.002462150098370802
0.041452574913212553
0.069473202983194871
0.044132344654814401
0.078932364178656636
0.042425969365387353
0.052896130512358336
0.046438257493988409
0.070232602895753449
0.046306465023031505
0.063228039432878108
0.008634276522697460
0.004177065309813676
0.029536064940553605
0.033337361370546804
0.037549355494991152
0.038113570947789367
0.070654100242824314
0.034067405038475371
0.021958316853915721
0.034738241520790983
0.033269760861383044
0.054541026359194673
0.034188040390609457
0.013166175630815694
0.051333446732316955
0.028886806147525600
0.024516248412628582
0.006054464059731818
0.019254943088510081
0.033522675069485620
0.074185003814541225
0.043099508806185419
0.041198359208918442
0.067707470836620723
0.042786470823084309
0.045598182988667718
0.037350315053840059
0.084404726213425041
0.084007287678008732
0.026584157443068652
0.042010167139266669
0.085066843122390934
0.119998448990429565
0.000000000000000000
0.500000000000000000
0.000000000000000000
0.000000000000000000
0.000000000000000000
0.000000000000000000
0.000000000000000000
0.000000000000000000
0.000000000000000000
0.112118886863746700
0.072825379812156449
0.062770567592857929
0.060132633617290335
0.036661944233427578
0.037028840967103224
0.049397711179487054
0.035900728626919537
0.067105405708508148
0.018140036739152401
0.039986621691086140
0.013154471179944741
0.011983569863438284
0.033326771817562356
0.021508188937862337
0.028339591660452992
0.027171420723727888
0.072250377621084813
0.056291445166535302
0.034232799867509614
0.026500369734201789
0.021638250847598971
0.018076568162855720
0.028371949703727847
0.047300157649435411
0.043851714027121610
0.068535485025674206
0.052424835960598465
0.113363556375269264
0.084501406978950394
0.062716969410850129
0.001168625271586899
0.500000000000000000
0.000000000000000000
0.000000000000000000
0.000000000000000000
0.000000000000000000
0.000000000000000000
0.000000000000000000
0.000000000000000000
0.070887537930585942
0.045304700815332957
0.025928880722429746
0.051715548452360607
0.074812084483476801
0.024822099944970370
0.009720923877323743
0.013315907165082790
0.009158587176625068
0.041456694878405656
0.042374087704940312
0.055344604491043989
0.037655307029559000
0.041835899133930293
0.033424330631880599
0.026712663002310840
0.043090247515320673
0.042117170991750358
0.073187880961132976
0.027357829533472187
0.022617799731758259
0.029471412264455814
0.061199265100631402
0.062387053561194214
0.093497817806882461
0.070737655756349632
0.095765216266620060
0.007755857855933333
0.000000000000000000
0.500000000000000000
0.000000000000000000
0.000000000000000000
0.000000000000000000
0.000000000000000000
0.000000000000000000
0.000000000000000000
0.000000000000000000
0.004903182819720835
0.099463329783421844
0.043450018822880965
0.068662542689330378
0.056224193831129324
0.065230796759898776
0.027777858749534194
0.009375498712009094
0.028436632530376239
0.021683391482622598
0.033991060309553039
0.028740682996911068
0.076337046691110064
0.074658754683963907
0.022770149236674260
0.081575983595839507
0.081870275868441172
0.020375206625416389
0.013967155916749732
0.059099502977615036
0.037377280242282415
0.022354192225684962
0.065387090307380297
0.081336040856716321
0.133625817225813515
0.094719797465119118
0.028643244912612598
0.000000000000000000
0.500000000000000000
0.005468781907001426
0.057123137231255498
0.063277670054720847
0.080325313058122308
0.052708682099332098
0.048952145257358394
0.073693600164069575
0.056115398042176252
0.114019679126988835
0.053590245915280187
0.018428012765598197
0.000706172762982577
0.000033828746565331
0.000033828746565442
0.000033016763093169
0.024998154690194143
0.074805781191208232
0.120422591222397971
0.097624122059894639
0.041310802681938492
0.034027646609831798
0.036229536516703471
0.013393475173826344
0.020204459006655389
0.044799956541712774
0.081671955916373620
0.097182025965920765
0.114559064077291606
0.054697402755180265
0.000000000000000000
0.500000000000000000
0.008284821146561162
0.055349642514145474
0.085168040817629992
0.110196441702954992
0.138035904092119077
0.041244732745341565
0.035946913181717118
0.033467208311459787
0.015394056905117895
0.094777974456904182
0.083234475249771456
0.050268766552887430
0.030851776031732350
0.029036193388099905
0.026991434861520766
0.076079794480476512
0.019960090357872270
0.107165397603287249
0.011167010866926881
0.042717172258894778
0.049638926276324789
0.053039983029930252
0.062897404090601863
0.123822385878531269
0.084054155438564523
0.044489467654497065
0.000000000000000000
0.000000000000000000
0.500000000000000000
0.006429539639165468
0.093761206143115020
0.116693890564777178
0.130713918249313055
0.053427898848338533
0.007202481759171641
0.061102309179302886
0.076924997582813529
0.030876252411440708
0.048758226734392535
0.034211500726181801
0.028287431904040664
0.029570322261013096
0.027854526811024974
0.070978093874673950
0.050382943517806110
0.020609022190953990
0.034450883530460288
0.087336179090443292
0.061410449374158106
0.038915355023675213
0.067156556719815477
0.051210114627408952
0.092745362678555848
0.045828236277845470
0.000000000000000000
0.000000000000000000
0.500000000000000000
0.017104241499521704
0.075160120245293380
0.121263922024837420
0.040169790852468197
0.071029026331632827
0.112103327508035019
0.035781914687891173
0.017649630376673095
0.000011896325249203
0.000011896325249203
0.009438029051227608
0.078482393331646125
0.081356810678378064
0.052382855335921706
0.048772649994073485
0.039685509750934433
0.074156962979237045
0.076600232429152149
0.113994833885863595
0.500000000000000000
0.003949118175392132
0.086879005181767791
0.071157540060882707
0.089515949081204985
0.051037348850965648
0.089695495244908482
0.081370480858204822
0.055066921427724548
0.008421426222052634
0.012136472958857468
0.023745097479493445
0.047343245611713949
0.042582954926342322
0.087737427972936696
0.075084516162115714
0.064781034475258834
0.083932688239908279
0.093132399464650559
0.033349184379796427
0.000000000000000000
0.000000000000000000
0.500000000000000000
0.000000000000000000
0.000000000000000000
0.000000000000000000
0.000000000000000000
0.000000000000000000
0.122050935632665225
0.079128387944688364
0.059854683975759361
0.064497243921434008
0.024665296254739923
0.060149382758255321
0.070491230883120634
0.072490702887016090
0.106262979201689339
0.003965835707625334
0.500000000000000000
0.000000000000000000
0.000000000000000000
0.000000000000000000
0.000000000000000000
0.000000000000000000
0.000499008065123096
0.080963971245748195
0.078549604247156790
0.126412582244457006
0.014648936460173099
0.041083016037204122
0.080184350742395272
0.066902540078998401
0.014322955659568587
0.098379812298503094
0.053099580849969782
0.000000000000000000
